image: map1.pgm
resolution: 0.040000
origin: [-7.099953, -13.198841, -3.140745]
negate: 0
occupied_thresh: 0.65
free_thresh: 0.196

